160
101
435
840
152
98
691
544
3144
121
728
624
521
633
382
138
1127
102
143
1563
6260
978
85
614
105
108
85
147
556
298
2900
143
170
639
450
440
424
383
139
417
5406
1191
513
380
424
79
491
204
2876
532
381
405
118
224
1195
1584
183
583
550
6124
119
5611
1219
158
618
1160
594
688
479
463
559
773
91
1204
732
417
745
462
187
191
496
143
94
623
488
6302
100
142
418
104
94
420
121
467
109
100
442
2430
93
233
156
541
378
433
505
1263
1525
410
6034
806
195
609
370
523
115
1024
473
543
238
113
161
1032
146
140
562
107
107
1514
379
89
787
759
125
669
2293
146
136
110
116
1296
1352
648
124
106
1155
171
0
183
506
112
635
85
8102
153
6022
189
639
592
443
1378
2270
125
171
2849
1268
727
1326
535
584
89
1834
110
1757
751
1139
145
515
739
403
1725
490
452
1489
1103
345
648
99
788
2154
507
723
572
120
489
127
159
2435
137
400
420
180
111
462
1249
450
475
93
107
661
499
1004
700
114
1167
5636
417
172
467
290
442
154
123
189
1678
561
790
147
405
126
708
1372
5748
178
88
2506
377
604
94
720
117
1276
977
78
515
490
774
402
143
511
106
219
144
706
2549
418
89
2813
161
4967
79
743
5704
83
471
1238
713
85
3305
144
158
1322
192
106
1250
548
172
87
1516
78
118
466
124
1009
145
217
638
1301
548
536
475
526
696
131
470
119
149
1293
150
396
482
1465
468
2083
124
492
728
90
1198
520
797
1394
489
2669
105
129
128
716
425
405
123
1241
116
1573
350
118
475
493
118
112
5760
504
736
1525
174
410
1048
750
457
91
1252
159
1360
91
429
1556
145
423
1606
125
1382
118
384
406
214
110
617
553
745
148
398
1176
2070
521
1513
243
471
131
1364
1306
140
1189
1207
107
2407
434
973
478
1080
401
912
1058
699
5731
97
1486
96
131
1210
121
739
135
146
155
1422
797
148
225
101
131
674
